I
1200 Generated by WorldEditor 2.5.2r1

1      2 0 0 KEYW Key West Intl
1302 city Key West
1302 country USA United States
1302 datum_lat 24.556111111
1302 datum_lon -81.759555556
1302 faa_code EYW
1302 gui_label 3D
1302 iata_code EYW
1302 icao_code KEYW
1302 region_code K7
1302 state Florida
1302 transition_alt 18000
1302 transition_level 18000
100 31.00 23 1 0.25 0 3 0  09  24.55604597 -081.76762463 87 97 2 0 0 1 27  24.55619403 -081.75231834 0 116 2 0 0 1
110 57 0.50 89.4 New Taxiway 2
111  24.55570412 -081.75249031
111  24.55547931 -081.75255102
111  24.55541830 -081.75279629
111  24.55539483 -081.75307956
111  24.55537129 -081.75496095
112  24.55537129 -081.75496095  24.55537014 -081.75511646
112  24.55546190 -081.75572863  24.55552745 -081.75580955
111  24.55546190 -081.75572863
111  24.55566227 -081.75578451
111  24.55579790 -081.75579100
111  24.55603089 -081.75572789
111  24.55602735 -081.75605839
111  24.55579287 -081.75598304
111  24.55566874 -081.75598357
111  24.55546048 -081.75604505
112  24.55546048 -081.75604505  24.55538386 -081.75610493
111  24.55536295 -081.75672798
111  24.55532108 -081.76161926
111  24.55539056 -081.76193208
111  24.55561275 -081.76199846
111  24.55572315 -081.76200581
111  24.55596386 -081.76193945
111  24.55596524 -081.76227543
111  24.55572707 -081.76219535
111  24.55560706 -081.76219223
111  24.55538361 -081.76225484
111  24.55532813 -081.76249220
111  24.55530133 -081.76286792
111  24.55526719 -081.76598280
112  24.55526719 -081.76598280  24.55527179 -081.76625210
111  24.55546821 -081.76629597
111  24.55569432 -081.76630580
112  24.55569432 -081.76630580  24.55576388 -081.76630190
111  24.55592402 -081.76614727
111  24.55592094 -081.76685565
111  24.55577957 -081.76685189
111  24.55578073 -081.76676694
111  24.55536622 -081.76675758
112  24.55536622 -081.76675758  24.55516268 -081.76675125
111  24.55512191 -081.76648842
111  24.55514337 -081.76421156
111  24.55508628 -081.76398326
111  24.55498167 -081.76402669
111  24.55489108 -081.76402074
111  24.55495652 -081.75950577
112  24.55495652 -081.75950577  24.55495364 -081.75942359
111  24.55491537 -081.75941311
111  24.55472364 -081.75936839
111  24.55455549 -081.75936874
111  24.55455551 -081.75864554
111  24.55453446 -081.75864226
111  24.55452459 -081.75851919
111  24.55415779 -081.75850473
111  24.55415906 -081.75807978
111  24.55395726 -081.75794926
111  24.55375708 -081.75803910
111  24.55349537 -081.75733423
111  24.55372000 -081.75724491
112  24.55384087 -081.75719464  24.55385627 -081.75718574
111  24.55384831 -081.75714892
111  24.55388286 -081.75710481
111  24.55388752 -081.75701763
111  24.55389527 -081.75687264
111  24.55399066 -081.75687264
111  24.55400000 -081.75736586
111  24.55407379 -081.75751442
111  24.55413225 -081.75765138
111  24.55420699 -081.75767035
111  24.55430666 -081.75775358
111  24.55447340 -081.75758606
111  24.55450023 -081.75769352
111  24.55457690 -081.75775358
111  24.55474173 -081.75767667
111  24.55504042 -081.75745888
111  24.55504131 -081.75771715
111  24.55514884 -081.75768567
111  24.55517972 -081.75756854
111  24.55514514 -081.75743982
111  24.55504057 -081.75740707
111  24.55504673 -081.75718338
111  24.55515128 -081.75714564
111  24.55517997 -081.75703408
111  24.55513907 -081.75691685
111  24.55504611 -081.75688738
111  24.55505067 -081.75666642
111  24.55515742 -081.75663289
111  24.55520295 -081.75647042
111  24.55520488 -081.75630907
111  24.55513765 -081.75603952
111  24.55506304 -081.75602237
111  24.55506786 -081.75573491
111  24.55514004 -081.75572042
111  24.55519259 -081.75554458
111  24.55515268 -081.75535830
111  24.55506539 -081.75533553
111  24.55506618 -081.75504769
111  24.55515344 -081.75503002
111  24.55519649 -081.75485102
111  24.55515954 -081.75467870
111  24.55507882 -081.75464720
111  24.55508114 -081.75436046
111  24.55515657 -081.75434653
111  24.55520262 -081.75417228
111  24.55516619 -081.75398127
111  24.55508128 -081.75395673
111  24.55508296 -081.75367706
111  24.55516332 -081.75365668
111  24.55520833 -081.75350849
111  24.55520843 -081.75347627
111  24.55517776 -081.75333295
111  24.55508394 -081.75331009
111  24.55507659 -081.75303454
111  24.55517298 -081.75300658
111  24.55523671 -081.75275722
111  24.55524593 -081.75254163
112  24.55524593 -081.75254163  24.55529990 -081.75230845
111  24.55550590 -081.75231091
111  24.55598406 -081.75232302
111  24.55606680 -081.75231715
111  24.55606461 -081.75256841
113  24.55583092 -081.75249379
111  24.55519587 -081.75899566
111  24.55520028 -081.75820604
111  24.55514087 -081.75798243
111  24.55503829 -081.75791021
111  24.55490637 -081.75791017
112  24.55490637 -081.75791017  24.55488779 -081.75791130
112  24.55490981 -081.75797956  24.55495213 -081.75798069
111  24.55490981 -081.75797956
111  24.55502687 -081.75797800
111  24.55503464 -081.75925674
113  24.55513086 -081.75922870
111  24.55518595 -081.76007256
111  24.55519127 -081.75976106
111  24.55512847 -081.75952100
111  24.55503259 -081.75949217
111  24.55502570 -081.76004564
114  24.55508636 -081.76011214  24.55516225 -081.76011142
111  24.55516123 -081.76251746
111  24.55516336 -081.76236607
112  24.55507383 -081.76229835  24.55500359 -081.76229600
111  24.55499805 -081.76237497
111  24.55499962 -081.76255057
111  24.55509105 -081.76257964
113  24.55514391 -081.76256926
111  24.55516227 -081.76286504
111  24.55514429 -081.76276682
111  24.55508270 -081.76275001
111  24.55499146 -081.76278435
111  24.55499375 -081.76293801
111  24.55508541 -081.76296838
113  24.55514179 -081.76295687
111  24.55513967 -081.76334473
111  24.55516027 -081.76325023
111  24.55513736 -081.76315291
111  24.55508111 -081.76313725
111  24.55499243 -081.76317013
111  24.55499375 -081.76333177
113  24.55508997 -081.76336518
111  24.55512587 -081.76354092
111  24.55509092 -081.76352432
111  24.55498601 -081.76355607
111  24.55498876 -081.76365888
113  24.55508508 -081.76368451
111  24.55475352 -081.75797951
112  24.55473855 -081.75790939  24.55469862 -081.75790146
112  24.55466368 -081.75790024  24.55465204 -081.75790024
111  24.55452060 -081.75789963
112  24.55449617 -081.75791089  24.55448896 -081.75792491
112  24.55450060 -081.75797476  24.55451003 -081.75797902
111  24.55452615 -081.75797646
111  24.55452726 -081.75796426
111  24.55471581 -081.75796548
113  24.55471470 -081.75797945
111  24.55436696 -081.75808639
112  24.55438818 -081.75804732  24.55438760 -081.75801769
111  24.55438818 -081.75804732
112  24.55438818 -081.75804732  24.55438790 -081.75803288
112  24.55438663 -081.75792822  24.55438695 -081.75792074
111  24.55420530 -081.75790424
113  24.55420243 -081.75803093
110 23 0.00 0.0 New Taxiway 6
111  24.55489108 -081.76402074
111  24.55453891 -081.76401376
111  24.55470860 -081.76241226
112  24.55489570 -081.76239945  24.55491008 -081.76238189
112  24.55489640 -081.76231962  24.55488043 -081.76231171
111  24.55482137 -081.76230734
111  24.55485080 -081.76002124
111  24.55495418 -081.75975489
111  24.55495427 -081.75940237
111  24.55478900 -081.75780842
111  24.55415169 -081.75774981
111  24.55400000 -081.75736586
111  24.55399066 -081.75687264
111  24.55389527 -081.75687264
111  24.55383542 -081.75687541
111  24.55383730 -081.75656272
111  24.55383173 -081.75637172
111  24.55378323 -081.75446139
111  24.55378897 -081.75443168
111  24.55382604 -081.75331250
111  24.55472837 -081.75331249
112  24.55472837 -081.75331249  24.55495504 -081.75330030
111  24.55502952 -081.75303860
111  24.55507659 -081.75303454
111  24.55508394 -081.75331009
111  24.55508296 -081.75367706
111  24.55508128 -081.75395673
111  24.55508114 -081.75436046
111  24.55507882 -081.75464720
111  24.55506618 -081.75504769
111  24.55506539 -081.75533553
111  24.55506786 -081.75573491
111  24.55506304 -081.75602237
111  24.55505067 -081.75666642
111  24.55504611 -081.75688738
111  24.55504673 -081.75718338
111  24.55504057 -081.75740707
111  24.55504042 -081.75745888
111  24.55481067 -081.75780480
113  24.55497560 -081.75940181
130 Airport Boundary
111  24.55691852 -081.75049866
111  24.55731342 -081.76262961
111  24.55728960 -081.76908787
111  24.55700643 -081.77075594
111  24.55608879 -081.77074167
111  24.55603531 -081.76972661
111  24.55533714 -081.76834831
111  24.55476545 -081.76760258
111  24.55479311 -081.76412652
111  24.55449272 -081.76408868
111  24.55476140 -081.76138905
111  24.55481859 -081.75957661
111  24.55453628 -081.75941221
111  24.55451607 -081.75868361
111  24.55413331 -081.75854617
111  24.55412132 -081.75816082
111  24.55375224 -081.75809479
111  24.55344383 -081.75734562
111  24.55232778 -081.75756316
111  24.55189251 -081.75512607
111  24.55217786 -081.75347227
111  24.55326119 -081.75076207
111  24.55420911 -081.74948459
111  24.55547471 -081.74831668
111  24.55602746 -081.74823497
111  24.55564171 -081.74929606
111  24.55486485 -081.75028684
113  24.55509565 -081.75057026
120 asphalt_1D.pol
112  24.55510446 -081.75895996  24.55510347 -081.75895979
111  24.55510446 -081.75895996
112  24.55510446 -081.75895996  24.55510347 -081.75895979 90
112  24.55510294 -081.75895769  24.55510309 -081.75895660 90
112  24.55510500 -081.75895602  24.55510599 -081.75895619
111  24.55510500 -081.75895602
112  24.55510500 -081.75895602  24.55510599 -081.75895619 90
114  24.55510652 -081.75895829  24.55510637 -081.75895937 90
120 asphalt_1D.pol
112  24.55384714 -081.75313882  24.55384562 -081.75313856
111  24.55384714 -081.75313882
112  24.55384714 -081.75313882  24.55384562 -081.75313856 90
112  24.55384481 -081.75313534  24.55384504 -081.75313368 90
112  24.55384797 -081.75313278  24.55384948 -081.75313304
111  24.55384797 -081.75313278
112  24.55384797 -081.75313278  24.55384948 -081.75313304 90
114  24.55385030 -081.75313626  24.55385007 -081.75313792 90
120 asphalt_1D.pol
112  24.55512688 -081.75891540  24.55512537 -081.75891515
111  24.55512688 -081.75891540
112  24.55512688 -081.75891540  24.55512537 -081.75891515 90
112  24.55512455 -081.75891193  24.55512478 -081.75891026 90
112  24.55512771 -081.75890937  24.55512923 -081.75890962
111  24.55512771 -081.75890937
112  24.55512771 -081.75890937  24.55512923 -081.75890962 90
114  24.55513004 -081.75891284  24.55512981 -081.75891450 90
120 Linear Feature 42
111  24.55506385 -081.75607766 106
115  24.55418951 -081.75605991
120 Linear Feature 41
111  24.55509686 -081.75394281 104
115  24.55511567 -081.75391196
120 Linear Feature 41
111  24.55509010 -081.75462479 104
115  24.55510890 -081.75459394
120 Linear Feature 41
111  24.55508357 -081.75531571 104
115  24.55510238 -081.75528485
120 Linear Feature 41
111  24.55507946 -081.75605521 104
115  24.55509827 -081.75602435
120 Linear Feature 41
111  24.55506146 -081.75688897 104
115  24.55508027 -081.75685812
120 Linear Feature 41
111  24.55506023 -081.75796044 104
115  24.55507904 -081.75792958
120 Linear Feature 41
111  24.55505451 -081.75740064 104
115  24.55507332 -081.75736978
120 Linear Feature 41
111  24.55511836 -081.75374555 104
115  24.55510070 -081.75371388
120 Linear Feature 41
111  24.55511159 -081.75442752 104
115  24.55509393 -081.75439586
120 Linear Feature 41
111  24.55510506 -081.75511844 104
115  24.55508740 -081.75508678
120 Linear Feature 41
111  24.55510267 -081.75575647 104
115  24.55508501 -081.75572480
120 Linear Feature 41
111  24.55508300 -081.75673278 104
115  24.55506534 -081.75670112
120 Linear Feature 41
111  24.55507834 -081.75776769 104
115  24.55506067 -081.75773603
120 Linear Feature 41
111  24.55507555 -081.75724141 104
115  24.55505789 -081.75720975
120 RH
111  24.55501320 -081.76228433 63
111  24.55503880 -081.76010080
111  24.55504265 -081.75945932 63
115  24.55504424 -081.75935282
120 TL
111  24.55607952 -081.76298394 51
111  24.55608603 -081.76238084 51
112  24.55585289 -081.76210267  24.55565075 -081.76204711
111  24.55585289 -081.76210267
112  24.55585289 -081.76210267  24.55606575 -081.76205216 51
111  24.55609188 -081.76179637 51
115  24.55609839 -081.76119327
120 TL
111  24.55614011 -081.75677839 51
111  24.55614662 -081.75617529 51
112  24.55589523 -081.75588515  24.55562984 -081.75583464
111  24.55589523 -081.75588515
112  24.55589523 -081.75588515  24.55616444 -081.75586625 51
111  24.55615308 -081.75559119 51
115  24.55615960 -081.75498808
120 Linear Feature 28
111  24.55526367 -081.75934056 60
116  24.55504906 -081.75940879  24.55484202 -081.75935252
120 Linear Feature 28
111  24.55527989 -081.75768730 60
116  24.55506662 -081.75784230  24.55486446 -081.75784448
120 Linear Feature 28
111  24.55528498 -081.75717447 60
116  24.55507254 -081.75730667  24.55486868 -081.75730650
120 Linear Feature 28
111  24.55529072 -081.75660773 60
116  24.55508176 -081.75679241  24.55488991 -081.75679404
120 Linear Feature 28
111  24.55530038 -081.75565549 60
116  24.55510102 -081.75588926  24.55492766 -081.75589144
120 Linear Feature 28
111  24.55530693 -081.75500216 60
116  24.55510918 -081.75518912  24.55493582 -081.75519130
120 Linear Feature 28
111  24.55532055 -081.75364272 60
116  24.55511992 -081.75382644  24.55494656 -081.75382862
120 Linear Feature 27
111  24.55526128 -081.75958384 60
116  24.55504906 -081.75940879  24.55483818 -081.75934804
120 Linear Feature 27
111  24.55527638 -081.75804380 60
116  24.55506662 -081.75784230  24.55486414 -081.75783709
120 Linear Feature 27
111  24.55528191 -081.75748315 60
116  24.55507254 -081.75730667  24.55486821 -081.75729981
120 Linear Feature 27
111  24.55528709 -081.75696626 60
116  24.55508176 -081.75679241  24.55488468 -081.75679026
120 Linear Feature 27
111  24.55529599 -081.75609266 60
116  24.55510102 -081.75588926  24.55495893 -081.75589316
120 Linear Feature 27
111  24.55530313 -081.75538066 60
116  24.55510918 -081.75518912  24.55496709 -081.75519302
120 Linear Feature 27
111  24.55531681 -081.75401630 60
116  24.55511992 -081.75382644  24.55498546 -081.75382576
120 Linear Feature 26
111  24.55446322 -081.75520082 60
112  24.55434420 -081.75533651  24.55434210 -081.75546020 60
111  24.55433842 -081.75575854 60
116  24.55445322 -081.75589187  24.55456482 -081.75589569
120 Linear Feature 26
111  24.55447279 -081.75450967 60
112  24.55435390 -081.75464546  24.55435060 -081.75476255 60
111  24.55434812 -081.75506750 60
116  24.55446322 -081.75520082  24.55457241 -081.75520839
120 Linear Feature 26
111  24.55447819 -081.75382009 60
112  24.55436246 -081.75395289  24.55435916 -081.75406997 60
111  24.55435668 -081.75437492 60
116  24.55447279 -081.75450967  24.55458199 -081.75451526
120 Linear Feature 25
111  24.55492831 -081.75518885 60
112  24.55490009 -081.75526469  24.55489892 -081.75531521 60
111  24.55490046 -081.75537463 60
115  24.55462158 -081.75568684
120 Linear Feature 25
111  24.55493257 -081.75451268 60
112  24.55491109 -081.75455605  24.55490944 -081.75458691 60
111  24.55490866 -081.75468358 60
115  24.55463128 -081.75499580
120 Linear Feature 25
111  24.55495621 -081.75382505 60
112  24.55492010 -081.75386946  24.55491845 -081.75390031 60
111  24.55491722 -081.75399101 60
115  24.55463984 -081.75430322
120 Linear Feature 24
111  24.55490174 -081.75369111 60
116  24.55481443 -081.75382350  24.55472527 -081.75382531
120 Linear Feature 23
111  24.55539561 -081.76649083 60
112  24.55555221 -081.76653383  24.55564759 -081.76653269 60
115  24.55590884 -081.76653540
120 Linear Feature 20
111  24.55513113 -081.75451338 60
116  24.55530996 -081.75469981  24.55531281 -081.75487006
120 Linear Feature 19
111  24.55510624 -081.75451381 60
111  24.55513113 -081.75451338 60
116  24.55531372 -081.75432444  24.55532270 -081.75415329
120 Linear Feature 18
111  24.55418941 -081.75519997 60
112  24.55406131 -081.75533896  24.55405561 -081.75548011 60
111  24.55405418 -081.75575143 60
112  24.55417971 -081.75589101  24.55428813 -081.75589258
111  24.55417971 -081.75589101
112  24.55417971 -081.75589101  24.55421511 -081.75589152 60
112  24.55445322 -081.75589187  24.55458303 -081.75589196
111  24.55445322 -081.75589187
112  24.55445322 -081.75589187  24.55472100 -081.75589207 60
115  24.55508880 -081.75588928
120 Linear Feature 18
111  24.55419797 -081.75450739 60
112  24.55407101 -081.75464792  24.55406531 -081.75478907 60
111  24.55406388 -081.75506039 60
112  24.55418941 -081.75519997  24.55429783 -081.75520154
111  24.55418941 -081.75519997
112  24.55418941 -081.75519997  24.55422484 -081.75520048 60
112  24.55446322 -081.75520082  24.55459317 -081.75520092
111  24.55446322 -081.75520082
112  24.55446322 -081.75520082  24.55461600 -081.75520094 60
112  24.55492831 -081.75518885  24.55505689 -081.75518875
111  24.55492831 -081.75518885
112  24.55492831 -081.75518885  24.55502506 -081.75518878 60
115  24.55509748 -081.75518914
120 Linear Feature 18
111  24.55504682 -081.75382599 60
111  24.55495621 -081.75382505 60
111  24.55481434 -081.75382358 60
111  24.55447819 -081.75382009 60
111  24.55421224 -081.75381732 60
112  24.55407957 -081.75395534  24.55407386 -081.75409649 60
111  24.55407244 -081.75436781 60
112  24.55419797 -081.75450739  24.55430639 -081.75450896
111  24.55419797 -081.75450739
112  24.55419797 -081.75450739  24.55423346 -081.75450790 60
112  24.55447279 -081.75450967  24.55460323 -081.75451059
111  24.55447279 -081.75450967
112  24.55447279 -081.75450967  24.55462404 -081.75451073 60
112  24.55493257 -081.75451268  24.55506089 -081.75451347
111  24.55493257 -081.75451268
112  24.55493257 -081.75451268  24.55503163 -081.75451329 60
115  24.55509597 -081.75451370
120 Linear Feature 17
111  24.55502033 -081.75324295 60
112  24.55490245 -081.75352325  24.55489816 -081.75361201
111  24.55490245 -081.75352325 60
111  24.55490174 -081.75369111 60
112  24.55504682 -081.75382599  24.55514577 -081.75383658
111  24.55504682 -081.75382599 60
115  24.55510917 -081.75382650
120 Linear Feature 30
111  24.55555654 -081.75589351 60
116  24.55549953 -081.75588478  24.55547896 -081.75587885
120 Linear Feature 29
111  24.55587818 -081.75588682 60
111  24.55555654 -081.75589351 60
116  24.55549978 -081.75589955  24.55547472 -081.75590284
120 Linear Feature 16
111  24.55519142 -081.75316769 60
112  24.55532225 -081.75332303  24.55532301 -081.75343057
111  24.55532225 -081.75332303
111  24.55532398 -081.75299956
112  24.55532398 -081.75299956  24.55532398 -081.75312531 60
111  24.55519142 -081.75316769 60
111  24.55508750 -081.75317121
111  24.55505732 -081.75319652 60
111  24.55502033 -081.75324295 60
112  24.55496611 -081.75332743  24.55494547 -081.75335088
111  24.55496611 -081.75332743 60
115  24.55470971 -081.75361462
120 Linear Feature 39
111  24.55437197 -081.75781557 1
112  24.55427197 -081.75769269  24.55427403 -081.75758477 1
115  24.55428864 -081.75622664
120 Linear Feature 39
111  24.55469953 -081.75782837 1
112  24.55461317 -081.75768780  24.55461674 -081.75757932 1
115  24.55462268 -081.75627368
120 Linear Feature 38
111  24.55506985 -081.75679236 1
111  24.55504961 -081.75679274 1
116  24.55495663 -081.75691387  24.55495250 -081.75700766
120 Linear Feature 38
111  24.55506037 -081.75730652 1
111  24.55504602 -081.75730623 1
116  24.55495485 -081.75742562  24.55495072 -081.75751941
120 Linear Feature 37
111  24.55504961 -081.75679274 1
116  24.55495666 -081.75667112  24.55495583 -081.75658127
120 Linear Feature 37
111  24.55504602 -081.75730623 1
116  24.55495541 -081.75718356  24.55495459 -081.75709371
120 Linear Feature 35
111  24.55501351 -081.75784063 1
112  24.55495427 -081.75772921  24.55495398 -081.75762232
111  24.55495427 -081.75772921
112  24.55495427 -081.75772921  24.55495427 -081.75770151 1
112  24.55495485 -081.75742562  24.55495520 -081.75727297
111  24.55495485 -081.75742562
112  24.55495485 -081.75742562  24.55495502 -081.75735243 1
112  24.55495541 -081.75718356  24.55495562 -081.75709704
111  24.55495541 -081.75718356
112  24.55495541 -081.75718356  24.55495562 -081.75709661 1
112  24.55495606 -081.75691515  24.55495628 -081.75682484
111  24.55495606 -081.75691515
112  24.55495606 -081.75691515  24.55495626 -081.75683175 1
112  24.55495666 -081.75667112  24.55495685 -081.75659316
111  24.55495666 -081.75667112
112  24.55495666 -081.75667112  24.55495731 -081.75640648 1
115  24.55495784 -081.75619617
120 Linear Feature 34
111  24.55505497 -081.75784206 1
111  24.55501351 -081.75784063 1
111  24.55489796 -081.75783612 1
111  24.55480020 -081.75783230 1
111  24.55469953 -081.75782837 1
111  24.55449229 -081.75781930 1
111  24.55441024 -081.75781610 1
111  24.55437197 -081.75781557 1
111  24.55420948 -081.75780923 1
111  24.55410193 -081.75780502 1
112  24.55404962 -081.75776059  24.55403536 -081.75772138 1
111  24.55392718 -081.75742078 1
112  24.55381068 -081.75738942  24.55370845 -081.75742732 1
115  24.55370369 -081.75743124
120 Linear Feature 14
111  24.55605303 -081.75239389 60
115  24.55553556 -081.75239154
120 Linear Feature 58
111  24.55549379 -081.75600483 54
115  24.55549318 -081.75577922
120 Linear Feature 57
111  24.55542715 -081.76218332 54
115  24.55542755 -081.76197370
120 Linear Feature 56
111  24.55538123 -081.76674796 54
115  24.55538787 -081.76627215
120 Linear Feature 54
111  24.55504181 -081.75601715 63
115  24.55507356 -081.75303620
120 Linear Feature 53
111  24.55511392 -081.75389101 63
115  24.55511502 -081.75374202
120 Linear Feature 52
111  24.55510000 -081.75458335 63
115  24.55510221 -081.75443005
120 Linear Feature 51
111  24.55510241 -081.75526628 63
115  24.55510342 -081.75511911
120 Linear Feature 50
111  24.55509307 -081.75601646 63
115  24.55509593 -081.75575436
120 Linear Feature 49
111  24.55507499 -081.75684195 63
115  24.55507505 -081.75673092
120 Linear Feature 48
111  24.55506552 -081.75735611 63
115  24.55506676 -081.75724713
120 Linear Feature 47
111  24.55506115 -081.75792144 63
115  24.55506172 -081.75777118
120 Linear Feature 46
111  24.55499333 -081.76384842 63
111  24.55499362 -081.76379536
111  24.55500022 -081.76347001 63
111  24.55500030 -081.76339721
111  24.55500636 -081.76307050 63
111  24.55500545 -081.76300267
111  24.55501171 -081.76267832 63
115  24.55501029 -081.76261062
120 Linear Feature 41
112  24.55537941 -081.76648079  24.55518249 -081.76637729 57 101
111  24.55519580 -081.76608763 60 101
111  24.55521697 -081.76397635 60 101
111  24.55521932 -081.76374181 60 101
111  24.55522088 -081.76358574 60 101
111  24.55522318 -081.76335638 60 101
111  24.55522497 -081.76317750 60 101
111  24.55522724 -081.76295092 60 101
111  24.55522890 -081.76278555 60 101
111  24.55523095 -081.76258175 60 101
111  24.55523356 -081.76232048 60 101
111  24.55523809 -081.76186907 60 101
111  24.55526128 -081.75958384 60 101
111  24.55526367 -081.75934056 60 101
111  24.55527638 -081.75804380 60 101
111  24.55527989 -081.75768730 60 101
111  24.55528191 -081.75748315 60 101
111  24.55528498 -081.75717447 60 101
111  24.55528709 -081.75696626 60 101
111  24.55529072 -081.75660773 60 101
111  24.55529599 -081.75609266 60 101
111  24.55530038 -081.75565549 60 101
111  24.55530313 -081.75538066 60 101
111  24.55530693 -081.75500216 60 101
111  24.55530996 -081.75469981 60 101
111  24.55531372 -081.75432444 60 101
111  24.55531681 -081.75401630 60 101
111  24.55532055 -081.75364272 60 101
111  24.55532225 -081.75332303 60 101
111  24.55532398 -081.75299956 60 101
111  24.55532894 -081.75280644 57 101
116  24.55549428 -081.75239135  24.55570411 -081.75240830
120 Linear Feature 40
111  24.55546781 -081.76209441 51
116  24.55543324 -081.76209247  24.55541613 -081.76208927
120 Linear Feature 39
111  24.55583577 -081.76210225 51
111  24.55546781 -081.76209441 51
116  24.55543320 -081.76209844  24.55541512 -081.76210265
120 Linear Feature 38
111  24.55548687 -081.75589983 57
112  24.55531422 -081.75603629  24.55527118 -081.75613438
111  24.55531422 -081.75603629
112  24.55531422 -081.75603629  24.55530373 -081.75606141 60
115  24.55529599 -081.75609266
120 Linear Feature 38
111  24.55542188 -081.76210047 57
112  24.55525325 -081.76224224  24.55521021 -081.76234034
111  24.55525325 -081.76224224
112  24.55525325 -081.76224224  24.55523934 -081.76227134 60
115  24.55523357 -081.76231977
120 Linear Feature 38
111  24.55548645 -081.75588200 57
112  24.55531253 -081.75570143  24.55527539 -081.75556510
111  24.55531253 -081.75570143
112  24.55531253 -081.75570143  24.55530950 -081.75568869 60
116  24.55530038 -081.75565549  24.55529801 -081.75563613
120 Linear Feature 38
111  24.55542155 -081.76209047 57
112  24.55524915 -081.76191200  24.55521202 -081.76177568
111  24.55524915 -081.76191200
112  24.55524915 -081.76191200  24.55524613 -081.76189927 60
116  24.55523809 -081.76186907  24.55523634 -081.76184724
120 Linear Feature 68
111  24.55516761 -081.76007550 59
115  24.55514383 -081.76234026
120 Linear Feature 67
111  24.55500559 -081.76265443 60
115  24.55470422 -081.76265508
120 Linear Feature 66
111  24.55499937 -081.76304613 60
115  24.55466617 -081.76304834
120 Linear Feature 65
111  24.55510904 -081.76383882 60
115  24.55499912 -081.76382874
120 Linear Feature 65
111  24.55498821 -081.76382793 60
115  24.55457939 -081.76383167
120 Linear Feature 65
111  24.55499397 -081.76344262 60
115  24.55462029 -081.76343907
120 Linear Feature 64
111  24.55512487 -081.76265418 60
116  24.55523095 -081.76258175  24.55523540 -081.76250559
120 Linear Feature 64
111  24.55511908 -081.76304533 60
116  24.55522724 -081.76295092  24.55523001 -081.76285832
120 Linear Feature 64
111  24.55511877 -081.76344380 60
116  24.55522318 -081.76335638  24.55522595 -081.76326379
120 Linear Feature 64
111  24.55510904 -081.76383882 60
116  24.55521932 -081.76374181  24.55522208 -081.76364922
120 Linear Feature 63
111  24.55501722 -081.76265441 60
111  24.55512487 -081.76265418 60
116  24.55522890 -081.76278555  24.55523286 -081.76289455
120 Linear Feature 63
111  24.55501272 -081.76304604 60
111  24.55511908 -081.76304533 60
116  24.55522497 -081.76317750  24.55522459 -081.76329922
120 Linear Feature 63
111  24.55500566 -081.76344273 60
111  24.55511877 -081.76344380 60
116  24.55522088 -081.76358574  24.55522074 -081.76370799
120 Linear Feature 63
111  24.55510904 -081.76383882 60
116  24.55521697 -081.76397635  24.55521839 -081.76409670
120 Linear Feature 98
111  24.55501696 -081.75919358 10
115  24.55490946 -081.75919248
120 Linear Feature 98
111  24.55501714 -081.75905233 10
115  24.55490964 -081.75905123
120 Linear Feature 98
111  24.55501833 -081.75891183 10
115  24.55491083 -081.75891073
120 Linear Feature 98
111  24.55501902 -081.75876654 10
115  24.55491152 -081.75876544
120 Linear Feature 98
111  24.55502022 -081.75862496 10
115  24.55491272 -081.75862386
120 Linear Feature 98
111  24.55502073 -081.75848183 10
115  24.55491393 -081.75848073
120 Linear Feature 98
111  24.55502193 -081.75834171 10
115  24.55491513 -081.75834061
120 Linear Feature 98
111  24.55502281 -081.75819870 10
115  24.55491635 -081.75819760
120 Linear Feature 98
111  24.55502402 -081.75805716 10
115  24.55491756 -081.75805606
120 Linear Feature 97
111  24.55501561 -081.75930833 10
115  24.55502423 -081.75799894
120 Linear Feature 104
111  24.55420948 -081.75780923 1
116  24.55427197 -081.75769269  24.55427706 -081.75757688
120 Linear Feature 103
111  24.55444372 -081.75788464 1
116  24.55441024 -081.75781610  24.55437899 -081.75781453
120 Linear Feature 102
111  24.55483470 -081.75789802 1
116  24.55480020 -081.75783230  24.55476416 -081.75783091
120 Linear Feature 101
111  24.55489796 -081.75783612 1
116  24.55495427 -081.75772921  24.55495613 -081.75762293
120 Linear Feature 100
111  24.55446380 -081.75809351 1
111  24.55444372 -081.75788464 1
116  24.55449229 -081.75781930  24.55453927 -081.75781930
120 Linear Feature 99
111  24.55503814 -081.75940498 1
111  24.55487516 -081.75933315 1
112  24.55484426 -081.75928717  24.55484339 -081.75925489 1
111  24.55483470 -081.75789802 1
116  24.55489796 -081.75783612  24.55494667 -081.75783564
120 Linear Feature 19
111  24.55412564 -081.75337855 10
115  24.55412557 -081.75331223
120 Linear Feature 19
111  24.55451366 -081.75337935 10
115  24.55451374 -081.75331131
120 Linear Feature 19
111  24.55432748 -081.75337836 10
115  24.55432743 -081.75331148
120 Linear Feature 18
111  24.55468087 -081.75331175 10
111  24.55468078 -081.75338003 10
115  24.55384485 -081.75337754
120 Linear Feature 59
111  24.55552466 -081.75253235 54
115  24.55552398 -081.75231144
120 Linear Feature 59
111  24.55348106 -081.75543598 22
111  24.55348255 -081.75533457 22
116  24.55347173 -081.75532087  24.55346389 -081.75531964
120 Linear Feature 47
111  24.55339484 -081.75601763 24
115  24.55338090 -081.75598840
120 Linear Feature 46
111  24.55334269 -081.75604143 24
115  24.55333418 -081.75601275
120 Linear Feature 45
111  24.55328663 -081.75605697 24
115  24.55328097 -081.75603032
120 Linear Feature 44
111  24.55323748 -081.75606885 24
115  24.55323266 -081.75604158
120 Linear Feature 43
111  24.55318978 -081.75607937 24
115  24.55318503 -081.75605111
120 Linear Feature 40
111  24.55306994 -081.75610372 24
115  24.55306508 -081.75607344
120 Linear Feature 39
111  24.55300642 -081.75608341 24
115  24.55299800 -081.75610229
120 Linear Feature 38
111  24.55303008 -081.75607878 24
115  24.55301388 -081.75610942
120 Linear Feature 37
111  24.55305827 -081.75607486 24
115  24.55303850 -081.75611049
120 Linear Feature 36
111  24.55343873 -081.75598187 24
115  24.55342220 -081.75595978
120 Linear Feature 35
111  24.55345850 -081.75596085 24
115  24.55344262 -081.75594232
120 Linear Feature 9
111  24.55360858 -081.75621796 10
111  24.55360811 -081.75615896 10
112  24.55361179 -081.75615589  24.55361612 -081.75615571 10
115  24.55364584 -081.75615588
120 Linear Feature 8
111  24.55345906 -081.75596174 10
111  24.55350748 -081.75591151 10
112  24.55351732 -081.75591572  24.55351901 -081.75592108 10
111  24.55351922 -081.75593738 10
115  24.55351843 -081.75596059
120 Linear Feature 12
111  24.55357048 -081.75618488 10
115  24.55357271 -081.75598049
120 Linear Feature 11
111  24.55364227 -081.75607394 10
112  24.55362507 -081.75606649  24.55362052 -081.75605876 10
112  24.55360749 -081.75602769  24.55360593 -081.75601251 10
112  24.55360892 -081.75599061  24.55361062 -081.75598617 10
112  24.55362156 -081.75598230  24.55362963 -081.75598230 10
115  24.55365842 -081.75598130
120 Linear Feature 54
111  24.55360989 -081.75493842 24
115  24.55347655 -081.75493699
120 Linear Feature 53
111  24.55361019 -081.75496096 24
115  24.55347666 -081.75495957
120 Linear Feature 57
111  24.55350328 -081.75495964 24
115  24.55350307 -081.75493736
120 Linear Feature 56
111  24.55350432 -081.75495966 24
115  24.55350423 -081.75493737
120 Linear Feature 55
111  24.55350542 -081.75495967 24
115  24.55350527 -081.75493739
120 Linear Feature 57
111  24.55354193 -081.75496012 24
115  24.55354172 -081.75493775
120 Linear Feature 56
111  24.55354298 -081.75496013 24
115  24.55354288 -081.75493776
120 Linear Feature 55
111  24.55354407 -081.75496015 24
115  24.55354392 -081.75493777
120 Linear Feature 57
111  24.55358164 -081.75496061 24
115  24.55358143 -081.75493814
120 Linear Feature 56
111  24.55358268 -081.75496062 24
115  24.55358259 -081.75493815
120 Linear Feature 55
111  24.55358378 -081.75496063 24
115  24.55358363 -081.75493816
120 Linear Feature 57
111  24.55347762 -081.75495933 24
115  24.55347741 -081.75493711
120 Linear Feature 56
111  24.55347867 -081.75495934 24
115  24.55347857 -081.75493712
120 Linear Feature 55
111  24.55347976 -081.75495935 24
115  24.55347961 -081.75493713
120 Linear Feature 57
111  24.55351630 -081.75495980 24
115  24.55351609 -081.75493749
120 Linear Feature 56
111  24.55351735 -081.75495982 24
115  24.55351725 -081.75493750
120 Linear Feature 55
111  24.55351844 -081.75495983 24
115  24.55351829 -081.75493751
120 Linear Feature 57
111  24.55355495 -081.75496028 24
115  24.55355475 -081.75493787
120 Linear Feature 56
111  24.55355600 -081.75496029 24
115  24.55355590 -081.75493789
120 Linear Feature 55
111  24.55355710 -081.75496031 24
115  24.55355695 -081.75493790
120 Linear Feature 57
111  24.55359466 -081.75496077 24
115  24.55359445 -081.75493827
120 Linear Feature 56
111  24.55359571 -081.75496078 24
115  24.55359561 -081.75493828
120 Linear Feature 55
111  24.55359680 -081.75496079 24
115  24.55359665 -081.75493829
120 Linear Feature 57
111  24.55348992 -081.75495948 24
115  24.55348971 -081.75493723
120 Linear Feature 56
111  24.55349096 -081.75495949 24
115  24.55349087 -081.75493724
120 Linear Feature 55
111  24.55349206 -081.75495951 24
115  24.55349191 -081.75493725
120 Linear Feature 57
111  24.55352860 -081.75495996 24
115  24.55352839 -081.75493761
120 Linear Feature 56
111  24.55352965 -081.75495997 24
115  24.55352955 -081.75493762
120 Linear Feature 55
111  24.55353074 -081.75495998 24
115  24.55353059 -081.75493764
120 Linear Feature 57
111  24.55356725 -081.75496043 24
115  24.55356705 -081.75493800
120 Linear Feature 56
111  24.55356830 -081.75496044 24
115  24.55356820 -081.75493801
120 Linear Feature 55
111  24.55356939 -081.75496046 24
115  24.55356924 -081.75493802
120 Linear Feature 57
111  24.55360696 -081.75496092 24
115  24.55360675 -081.75493839
120 Linear Feature 56
111  24.55360800 -081.75496093 24
115  24.55360791 -081.75493840
120 Linear Feature 55
111  24.55360910 -081.75496094 24
115  24.55360895 -081.75493841
120 Linear Feature 54
111  24.55354850 -081.75543819 24
115  24.55336408 -081.75543636
120 Linear Feature 53
111  24.55354880 -081.75546073 24
115  24.55336343 -081.75545856
120 Linear Feature 57
111  24.55336429 -081.75545846 24
115  24.55336408 -081.75543636
120 Linear Feature 56
111  24.55336533 -081.75545847 24
115  24.55336524 -081.75543637
120 Linear Feature 55
111  24.55336643 -081.75545849 24
115  24.55336628 -081.75543638
120 Linear Feature 57
111  24.55340320 -081.75545894 24
115  24.55340299 -081.75543675
120 Linear Feature 56
111  24.55340425 -081.75545895 24
115  24.55340415 -081.75543676
120 Linear Feature 55
111  24.55340534 -081.75545896 24
115  24.55340519 -081.75543677
120 Linear Feature 57
111  24.55344188 -081.75545941 24
115  24.55344168 -081.75543713
120 Linear Feature 56
111  24.55344293 -081.75545942 24
115  24.55344283 -081.75543714
120 Linear Feature 55
111  24.55344403 -081.75545944 24
115  24.55344387 -081.75543715
120 Linear Feature 57
111  24.55348053 -081.75545989 24
115  24.55348033 -081.75543751
120 Linear Feature 56
111  24.55348158 -081.75545990 24
115  24.55348148 -081.75543753
120 Linear Feature 55
111  24.55348268 -081.75545991 24
115  24.55348253 -081.75543753
120 Linear Feature 57
111  24.55352024 -081.75546037 24
115  24.55352004 -081.75543791
120 Linear Feature 56
111  24.55352129 -081.75546039 24
115  24.55352119 -081.75543792
120 Linear Feature 55
111  24.55352238 -081.75546040 24
115  24.55352223 -081.75543793
120 Linear Feature 57
111  24.55337731 -081.75545862 24
115  24.55337710 -081.75543649
120 Linear Feature 56
111  24.55337836 -081.75545863 24
115  24.55337826 -081.75543650
120 Linear Feature 55
111  24.55337945 -081.75545865 24
115  24.55337930 -081.75543651
120 Linear Feature 57
111  24.55341622 -081.75545910 24
115  24.55341602 -081.75543688
120 Linear Feature 56
111  24.55341727 -081.75545911 24
115  24.55341717 -081.75543689
120 Linear Feature 55
111  24.55341837 -081.75545912 24
115  24.55341822 -081.75543690
120 Linear Feature 57
111  24.55345490 -081.75545957 24
115  24.55345470 -081.75543726
120 Linear Feature 56
111  24.55345595 -081.75545958 24
115  24.55345585 -081.75543727
120 Linear Feature 55
111  24.55345705 -081.75545960 24
115  24.55345690 -081.75543728
120 Linear Feature 57
111  24.55349356 -081.75546005 24
115  24.55349335 -081.75543764
120 Linear Feature 56
111  24.55349460 -081.75546006 24
115  24.55349451 -081.75543765
120 Linear Feature 55
111  24.55349570 -081.75546007 24
115  24.55349555 -081.75543766
120 Linear Feature 57
111  24.55353326 -081.75546053 24
115  24.55353306 -081.75543804
120 Linear Feature 56
111  24.55353431 -081.75546055 24
115  24.55353421 -081.75543805
120 Linear Feature 55
111  24.55353541 -081.75546056 24
115  24.55353526 -081.75543806
120 Linear Feature 57
111  24.55338961 -081.75545877 24
115  24.55338940 -081.75543661
120 Linear Feature 56
111  24.55339066 -081.75545878 24
115  24.55339056 -081.75543662
120 Linear Feature 55
111  24.55339175 -081.75545880 24
115  24.55339160 -081.75543663
120 Linear Feature 57
111  24.55342852 -081.75545925 24
115  24.55342832 -081.75543700
120 Linear Feature 56
111  24.55342957 -081.75545926 24
115  24.55342947 -081.75543701
120 Linear Feature 55
111  24.55343066 -081.75545927 24
115  24.55343051 -081.75543702
120 Linear Feature 57
111  24.55346720 -081.75545972 24
115  24.55346700 -081.75543738
120 Linear Feature 56
111  24.55346825 -081.75545974 24
115  24.55346815 -081.75543739
120 Linear Feature 55
111  24.55346935 -081.75545975 24
115  24.55346920 -081.75543740
120 Linear Feature 57
111  24.55350586 -081.75546020 24
115  24.55350565 -081.75543776
120 Linear Feature 56
111  24.55350690 -081.75546021 24
115  24.55350680 -081.75543778
120 Linear Feature 55
111  24.55350800 -081.75546022 24
115  24.55350785 -081.75543779
120 Linear Feature 57
111  24.55354556 -081.75546069 24
115  24.55354536 -081.75543816
120 Linear Feature 56
111  24.55354661 -081.75546070 24
115  24.55354651 -081.75543817
120 Linear Feature 55
111  24.55354771 -081.75546071 24
115  24.55354756 -081.75543818
120 Linear Feature 7
111  24.55382448 -081.75529981 81
115  24.55378637 -081.75530010
120 Linear Feature 6
111  24.55382461 -081.75533844 81
115  24.55378712 -081.75533920
120 Linear Feature 5
111  24.55382469 -081.75536508 81
115  24.55378761 -081.75536512
120 Linear Feature 4
111  24.55382481 -081.75540235 81
115  24.55378832 -081.75540235
120 Linear Feature 96
111  24.55479826 -081.75330059 106
115  24.55384672 -081.75330632
120 Linear Feature 95
111  24.55509057 -081.75370179 106
115  24.55509416 -081.75330350
120 Linear Feature 94
111  24.55508397 -081.75439024 106
115  24.55508817 -081.75394447
120 Linear Feature 93
111  24.55507557 -081.75508396 106
115  24.55508157 -081.75462434
120 Linear Feature 92
111  24.55507017 -081.75572361 106
115  24.55507437 -081.75531015
120 Linear Feature 91
111  24.55505996 -081.75673385 106
115  24.55506447 -081.75607917
120 Linear Feature 90
111  24.55505450 -081.75722077 106
115  24.55505721 -081.75685093
120 Linear Feature 89
111  24.55505344 -081.75773295 106
115  24.55505218 -081.75739248
120 Linear Feature 88
111  24.55503861 -081.75932663 106
115  24.55504528 -081.75799486
21  24.55642671 -081.76476683 1 89.4 3.00 09  PAPI
21  24.55654477 -081.75428158 3 269.4 3.00 27  PAPI
20  24.55554530 -081.75227015 50.0 0 2 {@R}27{@L}E
20  24.55534451 -081.76683334 314.5 0 2 {@L}B{@R}9{@@,safety,@L}B
20  24.55537390 -081.76615345 270.0 0 2 {@R}9{@L}B
20  24.55544640 -081.76228781 354.6 0 2 {@L}C{@R}9-27{@@,safety,@L}C
20  24.55547920 -081.75611439 360.0 0 2 {@L}D{@R}9-27{@@,safety,@L}D
20  24.55552142 -081.75290501 359.9 0 2 {@L}E{@R}27{@@,safety,@L}E
20  24.55577661 -081.76604250 270.0 0 2 {@Y,^l}B
20  24.55581284 -081.76168071 270.0 0 2 {@Y,^l}C
20  24.55580634 -081.76246321 90.0 0 2 {@Y}C{^r}
20  24.55586345 -081.75558855 270.0 0 2 {@Y,^l}D
20  24.55585726 -081.75633390 90.0 0 2 {@Y}D{^r}
20  24.55588307 -081.75322682 90.0 0 2 {@Y}E{^r}
20  24.55519945 -081.75365430 270.0 0 1 {@Y,^l}A11
20  24.55519838 -081.75434041 270.0 0 1 {@Y,^l}A10
20  24.55519941 -081.75335561 90.0 0 1 {@Y,^lu}E{^rd,@@,@L}A
20  24.55519731 -081.75399540 90.0 0 1 {@Y}A11{^r}
20  24.55518441 -081.75502747 270.0 0 1 {@Y,^l}A9
20  24.55544192 -081.75397125 359.2 0 1 {@Y,^l}9*27{^r}
20  24.55519485 -081.75468356 90.0 0 1 {@Y}A10{^r}
20  24.55518698 -081.75537815 90.0 0 1 {@Y}A9{^r}
20  24.55512840 -081.75616367 360.0 0 1 {@L}D{@Y,^l}A{^r}
20  24.55518407 -081.75618255 90.0 0 1 {@Y,^l}D{@L}A{@Y}D{^r}
20  24.55518700 -081.75560809 270.0 0 1 {@Y,^l}D{@L}A{@Y}D{^r}
20  24.55516908 -081.75694475 90.0 0 1 {@Y}A8{^r}
20  24.55517507 -081.75664406 270.0 0 1 {@Y,^l}A8
20  24.55516796 -081.75715924 270.0 0 1 {@Y,^l}A7
20  24.55515636 -081.75746109 90.0 0 1 {@Y}A7{^r}
20  24.55515950 -081.75768099 270.0 0 1 {@Y,^l}A6
20  24.55516502 -081.75805685 90.0 0 1 {@Y}A6{^r}
20  24.55516185 -081.75931523 270.0 0 1 {@Y,^l}A5
20  24.55516367 -081.75957431 90.0 0 1 {@Y}A5{^r}
20  24.55507531 -081.76241494 90.0 0 1 {@Y,^l}C{@@,^l}A4
20  24.55507611 -081.76280021 90.0 0 1 {@Y}A4{^r}{@@,@Y,^l}A3
20  24.55507518 -081.76318117 90.0 0 1 {@Y}A3{^r}{@@,@Y,^l}A2
20  24.55506837 -081.76360060 90.0 0 1 {@Y}A2{^r}{@@,@Y,^l}A1
20  24.55509188 -081.76402107 90.0 0 1 {@Y}A1{^r}
14  24.55372066 -081.75643706 89 0 Key West Intl
1300  24.55405523 -081.75565891 -88.6 gate jets|turboprops|props Gate 1
1301 B airline aal ual dal swa jbu nks egf
1300  24.55433975 -081.75565055 -88.6 gate jets|turboprops|props Gate 2
1301 B airline aal ual dal swa jbu nks egf
1300  24.55462158 -081.75568684 223.6 gate heavy|jets Gate 3
1301 C airline aal ual dal swa jbu nks egf
1300  24.55463686 -081.75498811 223.6 gate heavy|jets Gate 4
1301 C airline aal ual dal swa jbu nks egf
1300  24.55434888 -081.75495755 -88.6 gate jets|turboprops|props Gate 5
1301 B airline aal ual dal swa jbu nks egf
1300  24.55406658 -081.75496595 -88.6 gate jets|turboprops|props Gate 6
1301 B airline aal ual dal swa jbu nks egf
1300  24.55463642 -081.75430155 223.6 gate heavy|jets Gate 7
1301 C airline aal ual dal swa jbu nks egf
1300  24.55470289 -081.75362066 223.6 gate heavy|jets Commercial
1301 C cargo 
1300  24.55435763 -081.75429370 -88.6 gate jets|turboprops|props Commercial Ramp
1301 B cargo 
1300  24.55407437 -081.75428962 -88.6 gate jets|turboprops|props Customs
1301 B airline aal ual dal swa jbu nks egf
1300  24.55458325 -081.75620332 -451.4 tie_down props G A Ramp
1301 A general_aviation 
1300  24.55497091 -081.75620930 -451.4 tie_down props G A Ramp
1301 A general_aviation 
1300  24.55448802 -081.75642963 -358.7 tie_down props G A Ramp
1301 A general_aviation 
1300  24.55483359 -081.75643725 -358.7 tie_down jets|turboprops G A Ramp
1301 A general_aviation 
1300  24.55495794 -081.75919711 -179.3 tie_down jets|turboprops|props Hangar Parking
1301 A general_aviation 
1300  24.55445162 -081.75620129 -451.4 tie_down jets|turboprops G A Ramp
1301 A general_aviation 
1300  24.55483922 -081.75620727 -451.4 tie_down jets|turboprops G A Ramp
1301 A general_aviation 
1300  24.55448662 -081.75658116 -358.7 tie_down jets|turboprops G A Ramp
1301 A general_aviation 
1300  24.55483523 -081.75658989 -358.7 tie_down jets|turboprops G A Ramp
1301 A general_aviation 
1300  24.55495821 -081.75905225 -179.3 tie_down jets|turboprops|props Hangar Parking
1301 A general_aviation 
1300  24.55432331 -081.75619931 -451.4 tie_down jets|turboprops G A Ramp
1301 A general_aviation 
1300  24.55471085 -081.75620529 -451.4 tie_down jets|turboprops G A Ramp
1301 A general_aviation 
1300  24.55448621 -081.75672679 -358.7 tie_down jets|turboprops G A Ramp
1301 A general_aviation 
1300  24.55483785 -081.75673998 -358.7 tie_down jets|turboprops G A Ramp
1301 A general_aviation 
1300  24.55495848 -081.75891106 -179.3 tie_down jets|turboprops|props Hangar Parking
1301 A general_aviation 
1300  24.55448683 -081.75687186 -358.7 tie_down jets|turboprops G A Ramp
1301 A general_aviation 
1300  24.55483847 -081.75689284 -358.7 tie_down jets|turboprops G A Ramp
1301 A general_aviation 
1300  24.55495875 -081.75876598 -179.3 tie_down jets|turboprops|props Hangar Parking
1301 A general_aviation 
1300  24.55448744 -081.75701838 -358.7 tie_down jets|turboprops G A Ramp
1301 A general_aviation 
1300  24.55484010 -081.75704381 -358.7 tie_down jets|turboprops G A Ramp
1301 A general_aviation 
1300  24.55495902 -081.75862170 -179.3 tie_down jets|turboprops|props Hangar Parking
1301 A general_aviation 
1300  24.55448501 -081.75716431 -358.7 tie_down jets|turboprops G A Ramp
1301 A general_aviation 
1300  24.55483969 -081.75719308 -358.7 tie_down jets|turboprops G A Ramp
1301 A general_aviation 
1300  24.55495928 -081.75848020 -179.3 tie_down jets|turboprops|props Hangar Parking
1301 A general_aviation 
1300  24.55448562 -081.75731776 -358.7 tie_down jets|turboprops G A Ramp
1301 A general_aviation 
1300  24.55484030 -081.75734208 -358.7 tie_down jets|turboprops G A Ramp
1301 A general_aviation 
1300  24.55495954 -081.75833898 -179.3 tie_down jets|turboprops|props Hangar Parking
1301 A general_aviation 
1300  24.55448419 -081.75746869 -358.7 tie_down jets|turboprops G A Ramp
1301 A general_aviation 
1300  24.55483887 -081.75749412 -358.7 tie_down jets|turboprops G A Ramp
1301 A general_aviation 
1300  24.55495980 -081.75819916 -179.3 tie_down jets|turboprops|props|helos Hangar Parking
1301 A general_aviation 
1300  24.55448682 -081.75762080 -358.7 tie_down jets|turboprops G A Ramp
1301 A general_aviation 
1300  24.55484150 -081.75764511 -358.7 tie_down jets|turboprops G A Ramp
1301 A general_aviation 
1300  24.55496007 -081.75805709 -179.3 tie_down jets|turboprops|props|helos Hangar Parking
1301 A general_aviation 
1300  24.55458982 -081.76392611 90.3 tie_down jets GA West Parking
1301 A general_aviation 
1300  24.55491230 -081.76173238 0.8 tie_down props GA West Parking
1301 A general_aviation 
1300  24.55492129 -081.76114331 0.8 tie_down props GA West Parking
1301 A general_aviation 
1300  24.55492627 -081.76056012 0.8 tie_down props GA West Parking
1301 A general_aviation 
1300  24.55485640 -081.76393038 90.3 tie_down jets GA West Parking
1301 A general_aviation 
1300  24.55477716 -081.76272884 -273.6 tie_down turboprops|props GA West Parking
1301 A general_aviation 
1300  24.55471644 -081.76313563 -273.6 tie_down turboprops|props GA West Parking
1301 A general_aviation 
1300  24.55467587 -081.76352807 -273.6 tie_down jets GA West Parking
1301 A general_aviation 
1300  24.55483477 -081.76295882 -89.8 tie_down turboprops|props GA West Parking
1301 A general_aviation 
1300  24.55478810 -081.76334812 -89.8 tie_down turboprops|props GA West Parking
1301 A general_aviation 
1300  24.55475444 -081.76375089 -89.8 tie_down jets GA West Parking
1301 A general_aviation 
1300  24.55485124 -081.76254335 -90.0 tie_down helos GA West Parking
1301 A general_aviation 
1300  24.55490744 -081.76205155 0.8 tie_down props GA West Parking
1301 A general_aviation 
1300  24.55491286 -081.76144102 0.8 tie_down props GA West Parking
1301 A general_aviation 
1300  24.55492497 -081.76085066 0.8 tie_down props GA West Parking
1301 A general_aviation 
1300  24.55493073 -081.76026763 0.8 tie_down props GA West Parking
1301 A general_aviation 
1300  24.55483603 -081.76312936 -273.6 tie_down turboprops|props GA West Parking
1301 A general_aviation 
1300  24.55481585 -081.76352509 -273.6 tie_down jets GA West Parking
1301 A general_aviation 
1300  24.55469492 -081.76295212 -89.8 tie_down turboprops|props GA West Parking
1301 A general_aviation 
1300  24.55465596 -081.76334636 -89.8 tie_down turboprops|props GA West Parking
1301 A general_aviation 
1300  24.55462392 -081.76375090 -89.8 tie_down jets GA West Parking
1301 A general_aviation 
1300  24.55473259 -081.76254082 -90.0 tie_down helos GA West Parking
1301 A general_aviation 
1300  24.55490522 -081.76219682 0.8 tie_down props GA West Parking
1301 A general_aviation 
1300  24.55491237 -081.76158507 0.8 tie_down props GA West Parking
1301 A general_aviation 
1300  24.55492197 -081.76099615 0.8 tie_down props GA West Parking
1301 A general_aviation 
1300  24.55492852 -081.76041292 0.8 tie_down props GA West Parking
1301 A general_aviation 
1300  24.55472254 -081.76392796 90.3 tie_down jets GA West Parking
1301 A general_aviation 
1300  24.55491008 -081.76187827 0.8 tie_down props GA West Parking
1301 A general_aviation 
1300  24.55491674 -081.76129386 0.8 tie_down props GA West Parking
1301 A general_aviation 
1300  24.55492408 -081.76070372 0.8 tie_down props GA West Parking
1301 A general_aviation 
19  24.55698857 -081.75822726 1 Windsock
1050 119675 ATIS
1054 118200 TWR
1053 121900 GND/CLEARANCE DELIVERY
1056 124025 NAVY KEY WEST
1051 118200 CTAF
1051 122950 UNICOM
1200 
1201  24.55456714 -081.75376665 both 0 _stop
1201  24.55394432 -081.75381904 both 1 _stop
1201  24.55390979 -081.75596499 both 2 _stop
1201  24.55391339 -081.75521163 both 3 _stop
1201  24.55417913 -081.75596337 both 4 _stop
1201  24.55418669 -081.75783027 both 5 _stop
1201  24.55479998 -081.75785638 both 6 _stop
1201  24.55480543 -081.75935213 both 7 _stop
1201  24.55498001 -081.75939398 both 8 _stop
1201  24.55479786 -081.76399193 both 9 _stop
1201  24.55529856 -081.75589321 both 10 D_stop
1201  24.55487540 -081.75925566 both 11 A5_stop
1201  24.55526171 -081.75945611 both 12 A5_stop
1201  24.55522978 -081.76265259 both 13 A4_stop
1201  24.55492963 -081.76264563 both 14 A4_start
1201  24.55492465 -081.76304592 both 15 A3_start
1201  24.55491481 -081.76343795 both 16 A2_start
1201  24.55535167 -081.75242461 both 17 E_stop
1201  24.55518725 -081.76650511 both 18 A_start
1201  24.55521779 -081.76385283 both 19 A_start
1201  24.55522217 -081.76344757 both 20 A_start
1201  24.55522436 -081.76304351 both 21 A_start
1201  24.55523645 -081.76207676 both 22 A_start
1201  24.55524014 -081.76151668 both 23 A_start
1201  24.55524921 -081.76052173 both 24 A_start
1201  24.55527583 -081.75785238 both 25 A_start
1201  24.55528191 -081.75731386 both 26 A_start
1201  24.55529003 -081.75679363 both 27 A_start
1201  24.55530377 -081.75518472 both 28 A_start
1201  24.55531696 -081.75383547 both 29 A_start
1201  24.55605772 -081.76650898 both 30 N_start
1201  24.55609595 -081.76210331 both 31 N_start
1201  24.55615405 -081.75588787 both 32 N_start
1201  24.55619152 -081.75238815 both 33 N_start
1201  24.55547968 -081.75589185 both 34 D_stop
1201  24.55491481 -081.76382878 both 35 A1_start
1201  24.55501553 -081.76015730 both 36 _stop
1201  24.55499648 -081.76220136 both 37 _start
1201  24.55499972 -081.76150421 both 38 _start
1201  24.55501106 -081.76052672 both 39 _start
1201  24.55495937 -081.75627067 both 40 _stop
1201  24.55428649 -081.75627483 both 41 _stop
1201  24.55426948 -081.75781256 both 42 _stop
1201  24.55436021 -081.75589040 both 43 _stop
1201  24.55419294 -081.75519427 both 44 _stop
1201  24.55419760 -081.75451139 both 45 _stop
1201  24.55500246 -081.75327862 both 46 E_start
1201  24.55467401 -081.75382581 both 47 A11_start
1201  24.55531007 -081.75451976 both 48 A11_stop
1201  24.55507574 -081.75678903 both 49 A8_stop
1201  24.55506511 -081.75730690 both 50 A7_stop
1201  24.55506451 -081.75784084 both 51 A6_stop
1201  24.55494992 -081.75783957 both 52 A6_stop
1201  24.55487475 -081.75783548 both 53 A6_stop
1201  24.55495274 -081.75730837 both 54 A6_stop
1201  24.55495494 -081.75678884 both 55 A6_stop
1201  24.55461537 -081.75782502 both 56 A6_stop
1201  24.55537627 -081.76649695 both 57 B_stop
1202 11 53 twoway taxiway_A 
1202 24 39 twoway taxiway_A 
1202 23 38 twoway taxiway_A 
1202 37 38 twoway taxiway_A 
1202 38 39 twoway taxiway_A 
1202 39 36 twoway taxiway_A 
1202 49 55 twoway taxiway_A 
1202 50 54 twoway taxiway_A 
1202 52 54 twoway taxiway_A 
1202 54 55 twoway taxiway_A 
1202 55 40 twoway taxiway_A 
1202 42 41 twoway taxiway_A 
1202 51 52 twoway taxiway_A 
1202 52 53 twoway taxiway_A 
1202 53 56 twoway taxiway_A 
1202 56 42 twoway taxiway_A 
1202 10 43 twoway taxiway_C 
1202 28 44 twoway taxiway_C 
1202 48 45 twoway taxiway_C 
1202 46 17 twoway taxiway_C E
1202 47 29 twoway taxiway_C A11
1202 34 10 twoway taxiway_C D
1202 27 49 twoway taxiway_A A8
1202 26 50 twoway taxiway_A A7
1202 25 51 twoway taxiway_A A6
1202 17 33 twoway taxiway_D E
1204 departure 09,27
1204 arrival 09,27
1202 34 32 twoway taxiway_D D
1204 departure 09,27
1204 arrival 09,27
1202 22 31 twoway taxiway_D C
1204 departure 09,27
1204 arrival 09,27
1202 57 30 twoway taxiway_D B
1204 departure 09,27
1204 arrival 09,27
1202 18 57 twoway taxiway_D B
1202 18 19 twoway taxiway_C A
1202 19 20 twoway taxiway_C A
1202 20 21 twoway taxiway_C A
1202 21 13 twoway taxiway_C A
1202 13 22 twoway taxiway_C A
1202 22 23 twoway taxiway_C A
1202 23 24 twoway taxiway_C A
1202 24 12 twoway taxiway_C A
1202 12 25 twoway taxiway_C A
1202 25 26 twoway taxiway_C A
1202 26 27 twoway taxiway_C A
1202 27 10 twoway taxiway_C A
1202 10 28 twoway taxiway_C A
1202 28 48 twoway taxiway_C A
1202 48 29 twoway taxiway_C A
1202 29 17 twoway taxiway_C A
1202 30 31 twoway runway 09/27
1204 departure 09,27
1204 arrival 09,27
1204 ils 09,27
1202 31 32 twoway runway 09/27
1204 departure 09,27
1204 arrival 09,27
1204 ils 09,27
1202 32 33 twoway runway 09/27
1204 departure 09,27
1204 arrival 09,27
1204 ils 09,27
1202 35 19 twoway taxiway_A A1
1202 34 10 twoway taxiway_D D
1202 10 34 twoway taxiway_D D
1202 12 11 twoway taxiway_A A5
1202 14 13 twoway taxiway_A A4
1202 15 21 twoway taxiway_A A3
1202 16 20 twoway taxiway_A A2
1206 5 4 twoway 
1206 6 5 twoway 
1206 7 6 twoway 
1206 8 7 twoway 
1206 9 8 twoway 
1206 1 0 twoway 
1206 2 3 twoway 
1206 3 1 twoway 
1206 4 2 twoway 
1400  24.55490738 -081.76012788 267.8 fuel_props 0 New Service Truck 75
1400  24.55501955 -081.75543289 271.9 baggage_loader 0 New Service Truck 51
1400  24.55501447 -081.75487970 267.2 baggage_loader 0 New Service Truck 50
1400  24.55501758 -081.75557888 91.0 baggage_loader 0 New Service Truck 49
1400  24.55384979 -081.75580602 90.0 gpu 0 New Service Truck 71
1400  24.55411103 -081.75603893 358.5 gpu 0 New Service Truck 68
1400  24.55428071 -081.75603871 177.1 pushback 0 New Service Truck 65
1400  24.55415466 -081.75341104 180.0 gpu 0 New Service Truck 64
1400  24.55421425 -081.75371290 177.8 food 0 New Service Truck 63
1400  24.55420206 -081.75359931 96.9 fuel_props 0 New Service Truck 62
1400  24.55430114 -081.75368167 127.7 fuel_liners 0 New Service Truck 61
1400  24.55432543 -081.75355187 2.0 fuel_jets 0 New Service Truck 60
1400  24.55440659 -081.75800408 91.5 crew_limo 0 New Service Truck 59
1400  24.55436296 -081.75366236 266.6 crew_car 0 New Service Truck 58
1400  24.55439296 -081.75366448 268.7 crew_car 0 New Service Truck 57
1400  24.55503407 -081.75430141 269.6 baggage_train 5 New Service Truck 56
1400  24.55409622 -081.75720736 5.7 fuel_jets 0 New Service Truck 83
1400  24.55496590 -081.75551644 88.3 gpu 0 New Service Truck 79
1400  24.55366778 -081.75523289 272.1 baggage_train 5 New Service Truck 76
1400  24.55382020 -081.75453612 49.8 baggage_train 5 New Service Truck 84
1400  24.55379271 -081.75559158 359.2 baggage_loader 0 Belt_Loader.obj
1400  24.55381911 -081.75520770 179.5 baggage_train 1 Lugg_Train_Straight1.obj
1400  24.55386259 -081.75543376 176.2 pushback 0 Tow_Tractor_1.obj
1400  24.55382006 -081.75516424 174.8 pushback 0 Tow_Tractor_1.obj
1400  24.55380683 -081.75587592 180.2 pushback 0 Tow_Tractor_1.obj
1400  24.55391384 -081.75334773 93.1 baggage_loader 0 Belt_Loader.obj
1400  24.55388210 -081.75334530 88.1 baggage_loader 0 Belt_Loader.obj
1400  24.55385813 -081.75618949 177.6 gpu 0 GPU_1.obj
1400  24.55396953 -081.75623645 188.1 gpu 0 GPU_1.obj
1400  24.55404910 -081.75614955 174.8 gpu 0 GPU_1.obj
1400  24.55406621 -081.75607644 180.0 gpu 0 GPU_1.obj
1400  24.55407904 -081.75615126 173.7 gpu 0 GPU_1.obj
1400  24.55411054 -081.75615511 176.8 gpu 0 GPU_1.obj
1400  24.55388199 -081.75616870 182.4 gpu 0 GPU_1.obj
1400  24.55404318 -081.75707587 173.2 gpu 0 GPU_1.obj
1400  24.55410299 -081.75732410 197.7 gpu 0 GPU_1.obj
1400  24.55395962 -081.75339049 180.2 baggage_loader 0 Belt_Loader.obj
1401  24.55398374 -081.75603408 266.7 baggage_loader|fuel_jets|fuel_liners|fuel_props New Service Truck Destination 74
1401  24.55387554 -081.75482913 92.8 baggage_loader|fuel_jets|fuel_liners|fuel_props New Service Truck Destination 72
1401  24.55401795 -081.75531096 270.5 baggage_train New Service Truck Destination 48
1401  24.55444636 -081.75363822 90.0 crew_car|crew_ferrari|crew_limo|fuel_jets|fuel_liners|fuel_props|food|gpu|pushback New Service Truck Destination 47
1401  24.55450275 -081.75364077 92.2 crew_car|crew_ferrari|crew_limo|fuel_jets|fuel_liners|fuel_props|food|gpu|pushback New Service Truck Destination 45
99
